4.31255e-42
6.33610750666e-40
6.71461690785e-40
7.11573788352e-40
7.54082121465e-40
7.99129837582e-40
8.46868635571e-40
8.9745927656e-40
9.51072125301e-40
1.00788772388e-39
1.06809739968e-39
1.13190390971e-39
1.19952212336e-39
1.27117974598e-39
1.34711808572e-39
1.42759286608e-39
1.51287508712e-39
1.603251938e-39
1.69902776415e-39
1.80052509211e-39
1.90808571569e-39
2.0220718469e-39
2.1428673358e-39
2.27087896301e-39
2.40653780963e-39
2.55030070891e-39
2.70265178457e-39
2.8641040812e-39
3.03520129184e-39
3.21651958896e-39
3.40866956468e-39
3.61229828695e-39
3.8280914786e-39
4.05677582649e-39
4.29912142861e-39
4.55594438749e-39
4.82810955832e-39
5.11653346146e-39
5.42218736879e-39
5.74610057449e-39
6.08936386119e-39
6.45313317323e-39
6.8386335093e-39
7.24716304764e-39
7.68009751768e-39
8.13889483282e-39
8.6251e-39
9.94079322034e-39
1.12564864407e-38
1.2572179661e-38
1.38878728814e-38
1.52035661017e-38
1.6519259322e-38
1.78349525424e-38
1.91506457627e-38
2.04663389831e-38
2.17820322034e-38
2.30977254237e-38
2.44134186441e-38
2.57291118644e-38
2.70448050847e-38
2.83604983051e-38
2.96761915254e-38
3.09918847458e-38
3.23075779661e-38
3.36232711864e-38
3.49389644068e-38
3.62546576271e-38
3.75703508475e-38
3.88860440678e-38
4.02017372881e-38
4.15174305085e-38
4.28331237288e-38
4.41488169492e-38
4.54645101695e-38
4.67802033898e-38
4.80958966102e-38
4.94115898305e-38
5.07272830508e-38
5.20429762712e-38
5.33586694915e-38
5.46743627119e-38
5.59900559322e-38
5.73057491525e-38
5.86214423729e-38
5.99371355932e-38
6.12528288136e-38
6.25685220339e-38
6.38842152542e-38
6.51999084746e-38
6.65156016949e-38
6.78312949153e-38
6.91469881356e-38
7.04626813559e-38
7.17783745763e-38
7.30940677966e-38
7.44097610169e-38
7.57254542373e-38
7.70411474576e-38
7.8356840678e-38
7.96725338983e-38
8.09882271186e-38
8.2303920339e-38
8.36196135593e-38
8.49353067797e-38
8.6251e-38
