2.5e-8
1e1
2.2e-8
3e-3
2.1e-8
3e-3
2.3e-8
3e-3
2.1e-8
3e-4
1.8e-8
3e-5
1.8e-8
3e-6
2.23607e-8
1




2.23607e-8
0
2.23607e-8
1e-3
2.23e-8
1
1.9e-8
1e-5
2e-8
1e-9
2e-8
3e-8
2e-8
1e-7
2e-8
3e-7
2e-8
3e-6
1.9e-8
3e-6
1.9e-8
1e-5
2e-8
1e-5
1.9e-8
3e-5
2e-8
3e-5
1.9e-8
1e-4
2.1e-8
1e-3
2.2e-8
1e-3
2.3e-8
1e-2
2.2e-8
1e-2
2.4e-8
1e-2
2.3e-8
1e-1
2.4e-8
1e-1
2.3e-8
1
2.4e-8
1
2.3e-8
1e1
2.3e-8
1e2
2.4e-8
1e1
2.4e-8
1e2



1.89029e-8
0
1.8e-8
0
1.8e-8
1e-12
1.8e-8
1e-10
1.8e-8
1e-9
1.8e-8
1e-8
1.8e-8
1e-7
1.8e-8
1e-6
1.8e-8
1e-6
1.8e-8
1e-5
1.8e-8
1e-4
1.9e-8
3e-4
2e-8
3e-4
2e-8
1e-3
2.1e-8
1e-3
2.3e-8
1e-2
2.2e-8
1e-2
2.3e-8
1e-1
2.4e-8
1e-1
2.4e-8
1
2.4e-8
1e1
2.4e-8
1e2
2.23607e-08
0
2.23607e-08
1e-3
2.23607e-08
1
1.9e-8
1e-12
1.9e-8
1e-10
1.9e-8
1e-9
1.9e-8
1e-8
1.9e-8
3e-8
1.9e-8
1e-7
1.9e-8
3e-7
1.9e-8
1e-6
1.8e-8
3e-7
1.8e-8
3e-8
